4.974320000000000164e+01
8.326200000000000045e+01
5.421130000000000138e+01
3.536800000000000210e+01
6.192840000000000344e+01
2.441169999999999973e+01
5.342170000000000130e+01
7.333769999999999811e+01
4.889589999999999748e+01
1.115609000000000037e+02
1.264650000000000034e+02
9.836669999999999447e+01
1.094882000000000062e+02
6.538100000000000023e+01
1.214741999999999962e+02
6.124790000000000134e+01
6.533010000000000161e+01
6.140339999999999776e+01
8.742730000000000246e+01
9.532899999999999352e+01
7.262130000000000507e+01
5.116259999999999764e+01
4.359629999999999939e+01
3.702660000000000196e+01
3.164969999999999928e+01
4.684270000000000067e+01
4.731600000000000250e+01
2.087543000000000006e+02
6.158469999999999800e+01
5.889280000000000115e+01
9.957569999999999766e+01
6.049849999999999994e+01
6.673789999999999623e+01
2.591890000000000072e+01
1.940688000000000102e+02
1.684059000000000026e+02
6.454300000000000637e+01
9.331010000000000559e+01
1.090768999999999949e+02
5.632520000000000238e+01
4.778560000000000230e+01
5.484409999999999741e+01
4.592210000000000036e+01
4.071540000000000248e+01
5.358460000000000178e+01
9.131499999999999773e+01
1.118365000000000009e+02
1.168453999999999979e+02
5.279599999999999937e+01
5.552980000000000160e+01
4.212830000000000297e+01
4.140690000000000026e+01
8.134120000000000061e+01
3.287855999999999881e+02
1.174676000000000045e+02
7.649309999999999832e+01
6.543189999999999884e+01
9.014919999999999334e+01
1.249735000000000014e+02
1.211946999999999974e+02
1.121988000000000056e+02
5.653349999999999653e+01
2.831820000000000093e+01
2.356984999999999957e+02
7.920910000000000650e+01
2.062020000000000053e+01
9.249859999999999616e+01
1.096332000000000022e+02
6.825600000000000023e+01
3.327700000000000102e+01
3.662760000000000105e+01
5.771909999999999741e+01
7.271659999999999968e+01
6.974360000000000070e+01
5.571580000000000155e+01
3.095090000000000074e+01
3.337879999999999825e+01
9.559610000000000696e+01
1.255424000000000007e+02
4.283169999999999789e+01
3.090879999999999939e+01
5.840599999999999881e+01
5.184210000000000207e+01
9.452089999999999748e+01
1.162507999999999981e+02
4.109069999999999823e+01
8.472140000000000271e+01
3.960320000000000107e+01
1.150913999999999930e+02
5.666250000000000142e+01
3.653459999999999752e+01
1.221571599999999989e+03
6.261950000000000216e+01
4.985289999999999822e+01
5.930199999999999960e+01
6.028459999999999752e+01
6.777259999999999707e+01
1.205106999999999999e+02
5.516910000000000025e+01
5.381799999999999784e+01
1.210150000000000006e+02
1.031358000000000033e+02
5.093390000000000128e+01
3.966490000000000293e+01
7.345180000000000575e+01
1.436971000000000060e+02
9.066880000000000450e+01
1.082062999999999988e+02
9.134250000000000114e+01
4.467620000000000147e+01
3.706929999999999836e+01
4.470409999999999684e+01
7.787330000000000041e+01
5.340359999999999729e+01
8.860380000000000678e+01
1.319213000000000022e+02
1.408721999999999923e+02
2.050369999999999848e+01
4.190509999999999735e+01
8.670120000000000005e+01
5.580149999999999721e+01
7.886050000000000182e+01
1.044736000000000047e+02
2.182715000000000032e+02
9.472090000000000032e+01
6.812210000000000321e+01
6.522539999999999338e+01
1.433505999999999858e+02
3.999900000000000233e+01
1.516492000000000075e+02
7.828170000000000073e+01
3.835479999999999734e+01
7.838630000000000564e+01
7.115430000000000632e+01
1.412831999999999937e+02
5.494680000000000319e+01
2.001982000000000141e+02
5.558670000000000044e+01
7.195680000000000121e+01
5.014710000000000178e+01
5.741400000000000148e+01
4.841360000000000241e+01
5.352179999999999893e+01
6.670319999999999538e+01
1.669919999999999902e+02
5.967029999999999745e+01
1.101200999999999937e+02
1.428483999999999980e+02
5.512740000000000151e+01
8.670780000000000598e+01
1.240190000000000055e+02
3.451520000000000010e+01
8.432829999999999870e+01
8.254139999999999588e+01
8.701300000000000523e+01
1.903404999999999916e+02
8.323850000000000193e+01
3.050669999999999860e+01
1.005996999999999986e+02
5.134929999999999950e+01
2.211149999999999949e+01
7.973590000000000089e+01
7.890529999999999688e+01
8.936870000000000402e+01
1.360986000000000047e+02
1.226983000000000033e+02
1.010018000000000029e+02
5.163430000000000319e+01
9.254130000000000678e+01
5.935249999999999915e+01
6.110990000000000322e+01
4.304290000000000305e+01
1.084757000000000033e+02
1.464516000000000133e+02
6.684820000000000562e+01
3.472249999999999659e+01
3.834920000000000329e+01
2.028190000000000026e+01
9.563269999999999982e+01
1.919630999999999972e+02
2.197540000000000049e+01
3.453571999999999775e+02
7.934300000000000352e+01
2.606569999999999965e+01
6.879139999999999588e+01
4.591040000000000276e+01
6.162230000000000274e+01
7.025679999999999836e+01
7.842359999999999332e+01
1.875646000000000129e+02
6.330530000000000257e+01
1.457706000000000017e+02
5.349719999999999942e+01
6.524850000000000705e+01
1.043401000000000067e+02
8.532110000000000127e+01
1.097451999999999970e+02
4.496059999999999945e+01
5.282880000000000109e+01
7.537290000000000134e+01
4.200780000000000314e+01
8.516110000000000468e+01
7.476189999999999714e+01
3.439629999999999654e+01
9.935989999999999611e+01
6.954389999999999361e+01
6.773680000000000234e+01
7.973170000000000357e+01
1.188931999999999931e+02
7.712860000000000582e+01
5.731300000000000239e+01
4.390359999999999729e+01
1.869664999999999964e+02
5.058460000000000178e+01
1.801189999999999998e+02
5.973230000000000217e+01
7.363420000000000698e+01
6.847830000000000439e+01
3.767340000000000089e+01
5.208089999999999975e+01
2.757929999999999993e+01
1.234086000000000070e+02
8.314310000000000400e+01
7.471890000000000498e+01
4.032269999999999754e+01
4.431839999999999691e+01
3.457849999999999824e+01
1.169968999999999966e+02
2.821542000000000030e+02
4.948199999999999932e+01
9.200809999999999889e+01
1.036991000000000014e+02
5.184029999999999916e+01
6.179099999999999682e+01
1.097022000000000048e+02
4.861820000000000164e+01
9.546659999999999968e+01
3.093299999999999983e+01
1.667418000000000120e+02
1.446295000000000073e+02
4.975099999999999767e+01
8.932049999999999557e+01
8.265049999999999386e+01
5.612060000000000315e+01
4.425750000000000028e+01
1.668274999999999864e+02
2.585650000000000048e+01
4.512960000000000349e+01
5.232399999999999807e+01
3.862360000000000326e+01
7.805270000000000152e+01
4.574399999999999977e+01
1.083382000000000005e+02
2.198880000000000123e+01
1.399603999999999928e+02
2.475829999999999842e+01
3.252955999999999790e+02
4.437619999999999720e+01
2.724100999999999999e+02
3.285869999999999891e+01
3.149849999999999994e+01
4.167229999999999990e+01
4.621750000000000114e+01
5.081020000000000181e+01
7.469079999999999586e+01
4.762780000000000058e+01
1.124848999999999961e+02
1.162040999999999968e+02
3.744519999999999982e+01
1.442592999999999961e+02
9.331560000000000343e+01
1.465608000000000004e+02
2.215429999999999922e+01
3.005229999999999890e+01
6.227329999999999899e+01
3.045570000000000022e+01
4.486558999999999742e+02
2.088008000000000095e+02
7.510169999999999391e+01
5.185361000000000331e+02
4.262489999999999668e+01
