4.944440000000000168e+01
8.133859999999999957e+01
7.178709999999999525e+01
5.516940000000000310e+01
8.216490000000000293e+01
9.446989999999999554e+01
3.217547999999999888e+02
5.881470000000000198e+01
1.288976000000000113e+02
5.848729999999999762e+01
7.142659999999999343e+01
1.872082000000000050e+02
6.470399999999999352e+01
7.773340000000000316e+01
1.162326999999999941e+02
1.520674999999999955e+02
4.114489999999999981e+01
1.334278999999999940e+02
5.342340000000000089e+01
9.680500000000000682e+01
