2.692040000000000077e+01
1.184967000000000041e+02
1.139222000000000037e+02
3.312789999999999679e+01
1.201145000000000067e+02
1.134459999999999980e+02
5.354279999999999973e+01
5.337740000000000151e+01
7.268859999999999388e+01
5.842629999999999768e+01
1.074273000000000025e+02
2.488520000000000110e+01
1.471724000000000103e+02
7.660630000000000450e+01
7.761700000000000443e+01
1.459362999999999886e+02
6.516160000000000707e+01
5.339139999999999731e+01
1.077488000000000028e+02
1.014080000000000013e+02
8.776399999999999579e+01
6.203730000000000189e+01
6.469989999999999952e+01
4.249770000000000181e+01
3.644330000000000069e+01
5.500860000000000127e+01
5.672910000000000252e+01
1.003212000000000046e+02
7.182170000000000698e+01
4.743339999999999890e+01
5.756620000000000203e+01
5.864159999999999684e+01
4.026859999999999928e+01
9.927370000000000516e+01
7.312690000000000623e+01
7.912529999999999575e+01
5.181799999999999784e+01
8.549550000000000693e+01
2.610350000000000037e+01
2.842989999999999995e+01
6.396699999999999875e+01
7.880389999999999873e+01
4.542499999999999716e+01
5.591890000000000072e+01
3.546699999999999875e+01
1.369298000000000002e+02
2.173040000000000020e+02
3.219870000000000232e+01
4.646569999999999823e+01
3.395100000000000051e+01
3.964419999999999789e+01
5.069440000000000168e+01
5.402159999999999940e+01
4.775829999999999842e+01
8.672110000000000696e+01
3.759530000000000172e+01
5.072769999999999868e+01
1.049309999999999974e+02
4.040180000000000149e+01
3.228770000000000095e+01
5.938900000000000290e+01
7.303619999999999379e+01
4.554760000000000275e+01
5.765379999999999683e+01
5.895729999999999649e+01
2.936220000000000141e+01
5.465279999999999916e+01
1.316774000000000058e+02
1.157827000000000055e+02
6.207379999999999853e+01
3.242530000000000001e+01
6.883050000000000068e+01
3.779110000000000014e+01
9.205660000000000309e+01
6.028119999999999834e+01
1.044553999999999974e+02
1.625615999999999985e+02
8.377450000000000330e+01
5.186699999999999733e+01
1.627673000000000059e+02
4.271809999999999974e+01
7.263679999999999382e+01
4.701149999999999807e+01
1.972142000000000053e+02
4.298329999999999984e+01
1.212895000000000039e+02
1.060615999999999985e+02
7.616039999999999566e+01
7.845210000000000150e+01
5.102029999999999887e+01
3.749419999999999931e+01
4.787530000000000285e+01
5.514070000000000249e+01
5.288550000000000040e+01
6.267119999999999891e+01
6.574830000000000041e+01
9.746169999999999334e+01
5.487039999999999651e+01
4.034779999999999944e+01
5.654719999999999658e+01
8.758969999999999345e+01
4.165990000000000038e+01
6.299819999999999709e+01
9.959260000000000446e+01
1.487435000000000116e+02
6.292510000000000048e+01
6.773390000000000555e+01
3.164420000000000144e+01
2.787879999999999825e+01
7.556229999999999336e+01
7.083960000000000434e+01
7.434459999999999980e+01
4.898930000000000007e+01
7.774909999999999854e+01
7.243970000000000198e+01
6.572480000000000189e+01
2.295552999999999884e+02
5.801509999999999678e+01
5.122780000000000200e+01
5.177559999999999718e+01
5.042479999999999762e+01
3.241299999999999670e+01
6.544329999999999359e+01
3.134629999999999939e+01
3.298409999999999798e+01
5.066460000000000008e+01
3.316199999999999903e+01
4.503370000000000317e+01
3.960860000000000269e+01
5.418099999999999739e+01
6.153170000000000073e+01
7.140851000000000113e+02
7.056010000000000559e+01
3.879910000000000281e+01
2.063489999999999824e+01
3.543820000000000192e+01
3.874620000000000175e+01
6.765579999999999927e+01
4.944500000000000028e+01
7.353149999999999409e+01
3.741709999999999781e+01
6.057280000000000086e+01
6.983450000000000557e+01
3.983670000000000044e+01
4.078699999999999903e+01
6.536530000000000484e+01
1.005991000000000071e+02
5.136209999999999809e+01
3.179710000000000036e+01
3.714605999999999995e+02
4.690350000000000108e+01
3.800079999999999814e+01
4.137789999999999679e+01
7.030929999999999325e+01
7.294809999999999661e+01
1.264663000000000039e+02
6.526229999999999620e+01
6.156620000000000203e+01
4.888280000000000314e+01
5.408539999999999992e+01
5.018379999999999797e+01
4.948629999999999995e+01
4.276350000000000051e+01
5.175260000000000105e+01
7.152589999999999293e+01
6.882850000000000534e+01
3.455019999999999669e+01
7.522839999999999350e+01
5.440879999999999939e+01
3.546869999999999834e+01
8.028589999999999804e+01
4.716069999999999851e+01
3.874580000000000268e+01
4.345329999999999870e+01
5.453520000000000323e+01
9.039679999999999893e+01
4.968480000000000274e+01
3.331009999999999849e+01
1.702067999999999870e+02
3.419610000000000127e+01
5.660459999999999781e+01
2.934280000000000044e+01
5.656790000000000163e+01
1.043217999999999961e+02
9.502670000000000528e+01
3.521309999999999718e+01
1.254007000000000005e+02
7.657659999999999911e+01
6.580190000000000339e+01
4.546229999999999905e+01
7.759709999999999752e+01
4.304070000000000107e+01
4.017009999999999792e+01
5.255049999999999955e+01
1.040116000000000014e+02
4.869969999999999999e+01
1.583007000000000062e+02
7.123149999999999693e+01
6.669610000000000127e+01
5.810719999999999885e+01
3.541669999999999874e+01
1.012237999999999971e+02
